0
0
0
0
0
0
0
0
0
598380
0
0
0
0
0
0
0
0
0
0
0
0
0
131560
0
0
0
0
0
0
0
0
0
399220
0
0
0
0
0
0
0
0
0
0
0
0
0
0
0
0
199700
0
199520
199580
199620
0
3191180
0
0
0
0
0
0
0
0
0
0
0
0
0
0
0
0
0
0
0
0
0
0
0
0
0
0
0
0
0
0
199540
0
0
0
0
198360
0
0
0
199520
0
0
0

0
0
299270
99720
0
0
0
0
0
0
0
0
0
0
0
199470
98310
68960
100480
0
0
0
0
0
0
0
0
0
0
0
0
0
153810
0
0
0
0
0
0
0
98940
0
0
0
0
0
0
0
0
0
0
99720
0
69800
0
0
99640
0
0
0
0
0
0
0
0
0
0
0
73570
0
0
0
0
0
99740
0
0
0
0
0
0
0
0
0
99720
0
0
0
0
0
0
0
0
0
0
0
0
0
0
0

0
0
0
34265
0
33275
0
0
0
0
0
30715
0
0
31800
0
0
65600
32790
0
0
0
0
0
66210
31330
33885
32635
48355
49410
0
0
0
0
0
0
29620
28775
0
65465
0
0
0
0
0
0
0
0
0
0
0
32675
32735
39020
33860
67960
49465
49915
0
199455
0
0
0
0
68750
0
66010
33595
32750
96410
33145
40700
33135
35385
0
0
0
0
32050
0
35430
39010
33870
0
0
35515
104030
0
0
33145
70055
0
0
448685
49805
38325
49335
0
0
0

