0
0
151560
0
149000
0
0
141800
0
0
0
146060
0
0
0
199540
0
0
0
0
0
0
0
0
0
0
0
0
0
0
0
0
0
0
215400
0
0
0
0
0
0
0
0
0
0
0
0
166040
0
0
0
0
0
0
390620
0
0
0
0
0
0
0
0
0
204480
0
0
0
0
0
0
0
0
0
153040
0
0
1793140
0
0
0
0
0
141240
0
0
0
0
0
0
0
0
0
0
0
0
0
0
0
0

99640
100420
0
0
62650
416430
0
45580
0
0
217970
151310
165750
0
74410
618000
0
75960
456570
1553440
916600
0
306250
1072290
0
631940
710860
664420
0
386950
99640
0
0
0
227160
230800
469680
0
297630
101000
613670
298440
0
99610
68980
0
299110
460890
0
173130
0
0
199280
399000
298110
0
0
77040
241260
0
0
0
102080
137210
0
438670
359250
208220
0
0
76180
0
675490
533120
0
69870
453620
791530
70070
0
155750
0
177780
147540
99930
292300
152340
69990
99720
0
357990
531200
0
0
0
76290
224240
0
77110
70940

89210
76755
93445
194835
123940
49985
0
50025
213725
38415
40800
0
313910
0
0
80695
120145
134400
274140
49875
0
65910
29805
103750
81455
81180
98050
49445
43165
0
147495
48215
101635
44950
120965
149310
0
341275
0
147635
0
49725
94810
83660
0
83245
99695
299280
47295
125460
89180
0
139165
448720
0
0
84915
32900
97970
86595
81455
0
149860
33555
135065
0
42765
49860
0
0
0
0
199230
748395
697755
30155
0
49900
39330
0
0
0
0
149570
150040
47690
3178910
0
0
51645
39285
49735
0
0
0
185245
49740
66115
94200
0

