398160
232420
264700
141900
171520
187860
160060
119420
123960
173800
140300
156200
103800
176060
127060
102240
172520
161720
129180
185940
128500
56480
58760
68160
100020
49600
89460
42320
67660
68520
73560
27940
35940
29260
87480
48240
41280
42480
63720
40660
30640
27960
29540
27680
36020
32860
30640
22620
26720
52980
34480
24360
24840
42600
37720
36520
99660
82000
55360
41740
62160
37360
76280
97680
55780
90280
70640
73920
40180
95500
77760
54140
111800
44880
98200
58940
99240
113060
105720
94400
89540
122840
98220
102400
90520
94120
95540
97220
83340
107460
83720
51260
63720
60820
61740
37280
49320
68080
42960
67840

20090
19380
22290
32740
45090
33460
37630
37360
26170
22490
26240
31580
40360
33050
40830
38700
57570
43120
20970
27050
20350
56930
42230
46240
24840
40200
32380
25660
32000
65550
52910
34420
25250
30000
22770
27300
55130
29430
21040
30910
83990
24210
19650
157280
25340
34170
33370
50880
30380
45450
30470
204620
50740
28630
36690
69520
32910
26080
27440
18900
32340
42620
45110
31980
30140
28320
23010
36030
29660
27740
27670
33040
29490
17700
29130
29250
34450
23130
21670
25490
30080
32890
127300
22110
18590
19120
29610
22760
31460
33420
22740
27650
23280
45860
42390
30170
26880
33450
21790
42660

102390
78300
77555
56400
52010
52170
23510
21355
19130
20765
19325
19815
19500
20400
19920
22295
19005
21820
21110
19335
19845
20065
20295
20325
23455
20645
22425
19160
20605
19275
24885
18570
16725
15790
17870
18020
15835
16465
16680
19025
16925
18235
16835
16200
16760
16545
16535
16195
15690
17585
16325
18465
19280
16070
17645
19835
16475
16205
19245
17965
18215
15710
17385
27445
15770
18990
16330
16340
18895
15730
17910
19020
15975
15070
16240
17650
16855
16740
16790
15495
19525
21385
16665
19130
14885
17100
20770
15970
16015
15995
17430
16660
15175
16345
16200
18405
15805
16485
16615
16050

