1051020
137480
306180
140900
227260
168420
236480
252860
177020
196180
330620
285840
301100
232460
280780
154100
338720
262200
273520
106120
353800
136700
97680
99440
94560
83400
77100
38080
48080
51760
74960
87300
72540
64460
85960
59980
59940
59160
85960
79140
57220
37620
68460
42680
39820
85640
86720
47700
76640
53420
82780
86440
86460
86440
101900
90120
96380
87780
92000
42620
69700
44240
372160
49700
36160
39200
66420
48720
112720
58240
53800
55820
47400
61500
61460
62200
53740
68420
55140
69300
67920
70420
63200
67860
78240
69000
70880
64600
73680
64520
66640
52160
65420
63260
71440
73760
68560
65520
80600
58960

54790
51830
57060
59700
69980
37240
60730
61610
65880
64240
59540
63390
57170
68710
59760
60190
68000
62200
69020
60320
55920
40700
70650
62910
64380
61050
53300
61210
51510
64930
61900
59790
59060
61760
61800
60820
65920
58730
65480
60200
63480
63060
59230
66010
78940
60160
61590
62940
61440
62770
66560
62280
62390
63510
56970
59200
66440
62860
62710
62870
62360
56950
60650
64360
62390
59910
61960
65930
59560
58280
60490
59770
62600
69080
59490
62400
52000
63670
61740
62140
60880
67140
64840
65970
64290
63970
56340
61650
58760
76040
61940
51140
62800
67010
48520
57960
53970
64460
58250
64970

53455
59355
78350
33290
57645
58830
59725
63325
62905
57425
56050
60335
56615
65020
59870
63835
57070
54895
60350
61405
58630
57605
59175
86405
60900
60415
60235
35180
57240
63060
39960
59620
62150
51450
36910
46685
57400
56125
45455
36245
40220
29690
55770
57315
57180
59165
49230
59515
57885
58815
60155
31720
57075
58185
54575
46000
53710
57255
56225
58090
64015
60030
63050
60385
63475
59290
51580
61230
62445
60195
61755
63130
63590
68860
81425
63405
64095
61215
64890
62820
63605
61385
62460
65650
60780
59785
61920
64285
58075
68740
63950
62300
60840
85255
63070
61540
45365
64810
63140
61295

