2700820
217700
242900
187960
163400
166840
143260
171720
280060
138680
144000
172860
117680
101440
116660
118860
125780
128740
103260
108800
120240
62880
66900
50840
81580
43160
49580
38720
91260
85280
31300
54420
68820
73780
54500
57060
46020
98460
69000
92680
73720
65140
48880
72180
63080
63860
38180
49940
38140
62480
51560
34180
50400
43940
31380
37680
47200
63320
63180
42320
67740
51560
62020
57380
52280
44680
47880
62040
84340
70360
53360
47900
71320
64380
69380
70400
64260
96180
59240
52740
33700
56460
88000
74960
70200
109160
31020
50640
46420
57760
80120
86920
54420
48680
49420
46080
34920
47680
33260
41960

34930
33780
37120
38760
43580
46270
46640
31960
44840
37420
47970
35580
29850
35150
25300
30570
90620
67450
41050
33840
60560
69420
30460
28680
55910
51230
70340
82710
69840
110070
99700
122310
84780
55960
59880
50590
32300
33380
40230
35790
35810
52090
37670
59560
25640
48880
69220
42260
41900
29920
52480
47930
32490
26080
25280
23710
24270
26370
32880
45780
51880
56360
34080
39940
26020
72930
46220
61720
68110
59490
34390
61510
43540
37330
28890
100750
31240
38370
64550
71040
93840
75970
63400
43540
41630
49690
75890
232060
32030
61060
32370
32290
194390
117190
66950
42750
37940
28220
28970
27670

397535
56795
152900
50635
65645
56170
27895
24195
24225
26675
30485
24065
26655
38495
25545
22985
26210
30125
27045
35170
43735
24865
27235
23245
27575
26110
25790
27995
29345
21525
28430
23305
20595
18055
21010
18590
20150
21430
18655
23590
19940
19865
20990
18985
19640
20425
20655
25755
26245
20335
19445
26425
19100
18175
21050
18945
21130
19045
18335
23255
19875
35860
24110
19535
23505
19005
19575
19980
18390
19730
20405
20465
28370
32365
18760
20200
33025
20040
18875
24990
18905
19715
24405
19190
21385
18610
20465
19040
19730
28680
22925
20300
20050
18945
19520
17695
34435
19100
18385
19325

