95681080
92663920
93434400
523831800
91174180
94979180
93466740
100694200
92444120
96736760
91061100
94394860
92997120
521294220
91971600
92318560
94081200
92822480
95243800
96880720
94153320
96518440
93601380
93270700
90613860
93828300
91654160
93245780
97395960
93894900
531477060
94801700
93588640
101293800
100614760
99927580
100028920
102900140
97328100
99093940
99300700
92150720
98234800
364505360
117577640
98318300
533811760
91229800
92838400
102135680
92897120
93328600
93926040
95899920
93232040
95318880
90559760
100268460
95892160
95725480
95282040
96418000
96456040
95238580
92868680
96853540
95183140
98727160
94652540
92915560
97177700
99171340
91825480
105003460
94664740
97494360
95768180
93214160
92233760
93726940
92917860
91176660
94497240
94382420
95883300
91412140
92441580
94172680
92736700
92564340
92378480
91984920
512415440
92911540
88765080
92623500
95686080
96382920
530843380
96512260

87711470
2719290
3226470
3124110
88954160
2500050
92532080
92981030
244828080
88519390
2470080
241873010
86621910
3260790
6590840
86482470
229746280
96232960
2575950
91923290
229059840
90919410
89347210
92377210
98012530
97825710
5483640
90803510
90771270
89473820
90626430
239203690
3392530
23044710
2695490
90682990
4982840
90321920
3971540
244146230
91210820
90309860
89020640
88790880
3035500
93434830
242349740
5074920
278318680
87753740
88609300
89828650
90998680
95243370
94040870
90186130
101124720
89433960
89734010
89342570
241744190
238026560
239840930
90582590
91397730
90345510
238319740
89052920
91318520
92362050
239627540
88338430
3561270
93080660
245947620
90612270
91005510
232577700
89961690
231973140
239925180
94728880
238725480
92567990
91815140
91104430
90333920
239647920
59656210
92119760
90973670
3121230
92390990
90169020
92657270
3286700
93090610
90447710
88957980
87055630

159363590
158751065
94125270
44591690
246785010
159588615
158402965
238308290
97753735
239859755
249382345
95777535
157474615
4959825
160099420
44393900
93499370
161356870
94689280
95295195
45524085
94759005
94930510
157385080
93352900
91650925
46539725
94924125
268079190
95626555
4829940
44764925
153330590
99757010
94018160
93731795
96914600
44371625
93288430
96020165
242572115
93110225
93820980
91451020
96095880
95627550
164665985
157199525
91680410
93782890
92633350
91542890
93422640
44600875
45870385
156107880
50022400
94383725
93660630
160569115
92575540
94770610
3806015
161443425
95755450
94644185
161269850
45092045
172879040
107461255
45531910
43993085
92925505
155705165
93900805
92082275
90687315
43605030
91189455
44756785
94142030
93071700
155788810
91921590
54880415
93354985
43632780
44354160
93302850
93827715
239969820
92581235
159856885
97886215
157865315
60521120
94221810
157692740
100131085
93777450

