56909
1191
424
412
297
293
294
721
161
398
386
402
504
382
2157
705
274
341
223
225
368
1749
220
682
421
658
295
559
205
315
270
740
486
265
314
533
324
433
386
278
191
265
329
191
190
268
311
350
284
250
311
308
1071
482
733
240795
92
239800
104
263
243
5873
88
541
261
245
357
496
112
1118
497
14882
298
189
176
200
176
168
167
78
177
181
174
246
280
81
229
97
271946
89
109239
158898
2964
194
172
92
127277
272079
273292
91
110298
161
222
195
169
95
256
484
335
87
438
80
133218
287
196
243
214
226
223
287
87
299
126
1332
176
194
187
319
366
429
226
180
216
139
153
143
191
164
351
186
122
160
124
159
152
130
127
175
135
129
133
130
129
188
130
198
109
274790
274403
87
136
273421
104
272589
350
272443
149
101
271968
135368
87
119
138
278
271265
103
270085
139
86
134
137
188
147
270376
110
191
87
269582
106
104
270764
196
203
151
131
173
281
149
375
130
125
126
126
151
140
168
187
162
174
170
92
139
214
203
156
236
202
249
210
245
188
140
133
175
201
159
173
170
149
130
185
158
120
192
189
208
132
128
221
179
195
151
193
138
133
196
247
146
175
191
125
272240
182
297
87
128
123
125
108
272356
186
77
132
129
132
132
135
147
123
187
182
88
546
172
153
125
167
128
133
115
126
126
167
166
142
135
131
146
126
139
165
172
158
131
192
158
146
173
146
171
235
210
123
183
151
128
196
92
122
141
129
160
127
131
216
160
178
213
176
165
245
182
152
154
136
172
95
356
171
174
150
143
175
157
165
170
157
204
160
180
148
365
144
183
145
116
147
72
307537
307954
172
199
146
74
80
121
78
308170
88
82
91
85
91
88
306398
96
99
161
171
117
172
157
120
118
125
119
123
119
218
173
130
149
131
184
128
135
121
143
122
143
179
119
114
127
125
125
272
110
121
307231
124
153
128
130
122
151
307576
125
385
180
124
476
197
127
132
141
121
116
213
130
132
141
307408
164
121
177
109
122
125
137
172
121
134
129
208
197
134
132
127
136
77
174
129
161
366
129
124
152
146
178
147
85
84
144
91
104
94
109
132
308195
90
273
275
160
155
99
184
78
243
308516
136488
96
93
124
144
124
84
308652
131
308571
78
149
125
171
79
182
309213
181
134
126
166
132
229
91
186
130
169
503
371
257
186
148
127
130
308903
130
172
228
134
127
126
83
97
112
193
228
165
178
166
165
187
140
129
329343
127
175
179
232
120
170
131
138
164
185
125
165
130
139
76
300
173
329198
168
131
445
174
131
152
238
158
192
140
178
124
174
128
330357
132
130
151
68
205
143
227
132
178
158
133
123
169
166
135
168
113
123
188
135
173
129
181
143
158
167
170
189
139
120
135
149
140
133
146
116
152
167
136
126
131
121
139
172
148
151
207
191
177
159
168
141
212
174
139
130
135
112
145
143
154
149
133
83
96
137131
94
374718
149548
108
148606
147238
74
365152
154
163
194
174
199
261
119
94
93
71
138232
67
188
178
186
188
145
129
219
185
153
175
6655
203
188
188
135
302
863
84
168
159
132
134
140
678
209
378480
136
175
76
145
121
125
128
87
124
175
127
137
124
124
148
132
142
125
130
189
122
131
135
137
184
167
163
209
171
121
134
115
122
165
123
137
178
173
122
144
145
151
164
137
151
148
131
123
135
135
142
185
133
167
166
208
281
170
218
127
170
82
175
191
206
141
144
116
131
124
139
166
75
459
76
123
118
72
99
103
107
106
101
103
104
100
154
85
87
387845
139420
1239
144923
91
98
78
92
448
82
171
400
106
91
70
72
75
74
81
78
80
74
89
141943
90
101
215
73
89
74
76
73
78
75
76
77
109
73
77
77
73
76
80
76
84
271
74
155
76
79
355443
75
91
75
75
357490
78
146429
80
86
72
79
110
86
73
82
76
122
77
169
78
146
73
76
264
77
75
73
216
119
84
79
76
75
76
75
83
388
174
137
78
73
77
74
867
86
73
106
74
82
77
105
94
73
79
114
79
77
143714
68
78
74
101
362329
78
83
78
80
71
82
86
76
69
84
130558
292
107
70
83
78
78
95
82
77
79
74
75
75
76
69
79
81
76
76
78
76
134734
89
108
92
100
77
72
86
204740
105
111
204602
92
112
204985
74
204870
103
82
74
99
70
206329
135398
77
114
207665
101
74
92
207764
105
107
80
105
75
208936
88
75
104
209926
68
77
209530
105
93
89
85
88
209672
107
78
108
96
129668
108
130663
90
103
237184
86
236891
127
79
105
237688
68
72
113
238206
94
237526
237420
94
123
237594
77
89
107960
96
105
238699
87
107066
95
125
83
238434
116
96
239929
100
117
108
83
239667

