4358
2047
695
883578
717
660
794
997
1188
1032
652
684
1177
351
627
1731
1390
522
386
918
1418
1472
493
630
756408
5034
432923
372
710
718
390
516011
772
703
1639
935
1067
836
677423
590
787823
793
345
327
304
300
657
476
337
939
1209
2079
3887
738
991
948
801
950
615
501392
2090
1075
819690
818735
500838
858
795
1429
455833
956
818890
818771
818773
331
343
419
495
324
313
305
319
392
336
701
367
550
523
350
460
469
322
717
819001
819071
373
306
320
558
323
323
819395
500162
325
319
319
818695
548
818425
820182
500003
951
966
819470
401
820501
2091
841428
841336
841766
322
820151
736
1543
361
818857
582
784765
870
612
603
385
389
345
1092
414
366
492
495
663
850
363
351
314
398
293
288
279
381
359
308
300
355
328
466
3151
320
366
306
378
341
419
427
313
352
499351
820515
440
280
532
354
430
537217
819929
427
306
364
786736
358
443
787003
373
786754
456686
515
441
820111
515
506
378
299
297
413
284
304
348
368
437
411
338
271
313
788826
354
304
500272
374
428
359
317
398
422
822192
511
436
400
470
441
394
378
450
299
324
387
821964
451
436
431
363
375
406
440
677
417
259
847885
316
353
822129
296
432
301
324
296
295
296
821184
819924
819166
821402
457019
981
287
817164
283
816
813805
391
813558
348
303
373
362
370
456586
326
412
253
415
371
331
333
488
313
433
395
297
349
242
322
306
259
276
363
320
275
291
322
338
273
394
401
309
286
238
295
390
502280
458360
741311
460
824643
824798
757479
755656
821454
787223
823139
257
279
335
300
353
316
392
430
757202
755864
755236
755358
533787
370
375
423
322
307
534909
367
692
453
287
313
355
381
373
360
387
381
396
334
408
651
341
331
324
330
385
322
313
374
400
263
824634
325
373
320
302
298
297
397
286
305
296
346
352
360
288
342
370
243
260
310
292
290
397
321
286
378
258
506
340
363
327
327
327
314
268
826479
341
257
308
286
312
257
296
318
325
283
533
853717
307
369
291
290
313
495
826371
322
308
290
299
719
299
826522
826322
295
282
272
339
294
422
285
827061
323
327
287
339
277
282
4907
755
341
304
397
307
852835
309
322
263
365
852841
317
292
318
302
344
388
437
482
825812
301
391
335
338
794898
351
318
356
330
827499
335
431
827408
827433
827350
329
827436
360
373
640
305
347
381
510
827476
827787
347
297
302
828444
320
353
829142
291
828462
408
310
424
351
401
292
828987
829094
375
367
404
322
426
660
401
346
387
404
377
860680
402
306
406
353
392
402
829213
352
497
389
588
375
362
414
378
379
305
292
769
822818
260
359
296
305
884423
822654
387
372
385
380
302
389
373
882760
357
545
822959
427
371
687
351
371
395
356
303
338
261
325
310
299
315
305
286
322
299
321
444
459773
852804
502914
882369
853356
852738
459841
852856
851706
852382
852496
764269
851478
569513
565384
852290
567880
462088
461236
459993
852685
885894
885435
885205
852836
885423
853078
852046
795253
852869
461385
794654
794222
852338
563329
851732
502347
852039
852067
829348
852493
828061
828760
852176
695595
827526
563582
562620
431
561209
587356
586649
363
351
312
312
408
589510
303
319
484
465
291
343
287
328
6606
410
449
310
461
438
498
437
343
587124
494
563
404
329
491
433
395
421
434
268
279
298
361
364
411
348
424
331
589268
387
372
464
391
462294
678
590270
592919
592968
753
308
441
387
663
406
336
296
315
323
323
327
302
298
307
324
310
309
315
285
356
335
339
318
318
309
329
591060
462904
588862
585428
587307
573572
576094
583511
581504
579698
580317
573850
502509
536514
578327
571274
463302
572131
503679
494
364
358
324
316
307
317
335
379
269
341
327
282
432
444
482
325
447
459
434
448
439
303
331
320
316
322
337
321
392
610
405
572388
395
361
299
297
260
373
403
451
382
292
296
874
280
370
979
474
573367
352
317
362
384
494
353
692
650
383
572955
394
394
418
478
503617
308
333
305
309
375
607
301
344
348
557889
301
300
333
303
318
331
331
361
274
326
348
297
499
561722
320
571003
558
307
1062
572824
853
364
569333
328
547074
550010
860
794
276
303
324
336
317
289
550
289
360
290
375
314
385
364
410
301
307
495
296
310
374
423
287
308
326
350
315
311
298
342
453
281
307
1248
541982
544817
805
536550
313
297
539947
272
534408
296
531695
526302
528987
524152
341
551
519211
359
441
508
509776
286
364175
1377127
431897
471661
432214
471390
478270
477642
478336
477808
479141
522893
431512
432966
473845
474102
432888
571546
362434
572942
601809
601915
603370
605073
645284
645956
609742
647056
647302
647911
696949
649022
651160
472194
479229
696409
535847
478141
431597
535317
432336
636367
561436
536160
478568
561253
665996
539222
637459
427939
427172
527925
426926
701821
639534
667806
668065
668326
668417
667770
668113
668286
706181
668201
762490
668498
756488
755584
708321
755906
755694
755697
763825
755686
756181
471650
756492
756012
705
755549
755830
755941
755835
755398
477604
529985
780012
792831
672364
523135
792519
737653
698984
781187
781432
562014
781309
479788
794522
782088
562144
782294
781889
781842
781699
499604
781944
741290
741079
677417
741186
677371
741793
742133
783950
785147
704963
703984
784261
705268
499045
704506
704665
679416
679200
538193
677632
787799
677033
706979

