424
184
288
253
217
298
81
305
299
2342
255
396
241
246
218
218
243
238
184
221
213
133
225
136
252
233
183
331
170
288
256
184
216
226
273
169
172
225
214
249
78
320
278
247
191
238
265
344
276
257
91
239
234
235
303
316
321
230
313
181
192
288
320
215
191
183
166
194
174
185
181
230
187
177
309
201
264
325
276
358
131
194
214
217
264
145
316
319
247
206
311
178
221
249
209
270
186
243
160
266
436
143
227
300
130
254
209
182
85
208
193
174
414
230
277
179
174
181
279
245
280
309
286
265
254
206
223
218
487
172
174
267
135
177
168
185
177
138
182
131
126
143
314
151
166
207
121
245
129
199
144
189
282
222
243
199
178
103
141
194
130
183
184
121
127
166
187
134
171
173
162
168
212
181
172
165
227
151
138
167
138
157
166
134
170
189
298
378
161
130
287
243
166
336
169
173
156
193
151
157
70
203
166
159
155
132
181
185
239
173
136
144
135
76
132
141
171
145
161
182
171
176
191
151
119
171
279
127
175
103
128
177
339
174
276
152
151
221
205
123
168
141
200
183
173
504
89
162
306
106
127
133
194
190
206
191
165
243
120
165
182
203
174
70
130
92
226
81
135
196
74
186
171
197
97
134
129
164
167
134
91
184
147
83
189
133
86
94
189
159
220
139
92
149
80
88
154
198
149
258
248
386
116
144
176
115
173
164
185
129
67
197
156
202
200
183
109
126
172
193
79
86
182
175
397
140
179
125
181
188
191
187
170
134
136
189
181
153
165
132
336
135
162
186
163
162
136
148
271
171
161
205
95
203
128
180
214
318
137
179
83
156
178
83
80
146
93
186
200
151
211
93
100
240
167
137
263
80
146
463
172
713
284
177
201
261
126
78
170
226
82
182
258
167
184
84
459
89
181
176
81
133
343
177
75
200
87
86
179
106
94
182
186
158
120
197
181
128
151
259
196
90
180
96
186
130
83
96
179
144
168
106
153
95
175
90
202
126
152
223
233
244
173
141
167
152
165
131
357
380
188
231
298
109
149
130
73
145
70
191
204
171
229
163
87
309
129
210
83
181
105
177
173
179
890
240
200
164
157
188
200
171
231
81
170
80
178
280
134
183
167
148
169
179
187
92
187
102
160
206
148
220
156
81
302
156
124
143
198
156
240
163
165
125
230
184
150
247
80
189
168
205
449
201
112
271
157
255
206
224
72
265
135
171
122
237
220
155
211
240
89
186
92
184
77
91
133
184
185
213
110
75
298
88
221
129
199
75
226
140
469
161
88
82
164
184
130
160
79
127
158
86
184
99
75
184
299
174
167
154
170
158
169
192
181
207
213
257
215
212
173
182
202
127
160
175
172
139
172
78
164
178
201
173
174
405
291
80
316
108
171
171
240
153
194
139
225
108
140
329
128
306
173
169
171
134
94
132
159
188
164
195
192
238
238
128
178
264
153
138
135
79
192
171
249
190
175
151
137
103
144
304
98
103
87
174
207
130
193
223
172
239
186
181
184
325
95
74
98
190
213
79
211
181
153
172
158
196
164
221
89
229
168
201
152
286
233
284
227
173
142
261
416
89
246
93
180
88
406
199
256
211
78
380
215
84
174
198
232
163
177
148
88
239
240
184
99
304
86
110
126
98
212
127
82
182
79
240
167
189
137
255
186
94
128
138
140
128
144
128
130
127
109
406
167
138
193
192
176
169
183
88
88
97
97
83
183
84
157
76
133
149
187
145
132
289
163
145
81
176
123
206
187
82
96
94
128
68
94
87
99
193
129
82
86
95
93
97
90
96
117
73
76
101
103
121
95
159
117
243
92
75
227
73
112
105
85
90
80
94
84
84
110
77
94
98
75
71
83
80
464
131
80
88
81
84
121
107
88
72
84
90
90
90
95
80
78
949
75
76
87
69
91
80
79
86
73
81
1067
84
284
82
83
81
139
90
86
75
81
199
110
120
77
117
73
89
77
110
121
69
81
138
87
318
90
97
92
316
93
78
82
90
78
73
94
95
77
88
92
89
82
104
101
83
86
82
78
83
195
81
544
85
95
97
99
117
104
206
87
104
97
131
107
81
238
99
78
81
94
74
79
108
99
79
141
149
233
74
88
114
119
81
81
104
105
85
141
84
95
78
90
85
88
76
137
85
345
99
109
81
99
76
80
125
87
201
102
202
122
76
89
101
79
81
75
139
87
83
93
73
128
92
121
78
76
74
125
103
82
88
123
166
76
87
105
74
118
167
81
108
81
73
86
80
79
94
105
74
86
113

