274
372
223
372
337
307
329
407
331
507
361
296
341
361
403
423
428
181
330
346
342
236
132
1990
228
225
272
673
141
326
939
248
227
197
307
192
526
686
347
537
225
386
390
339
182
159
441
361
313
347
344
186
369
347
232
246
355
355
351
160
169
92
162
350
234
347
352
324
310
328
346
516
193
92
243
202
174
220
182
293
178
417
188
179
203
180
207
309
203
363
346
281
225
348
286
343
378
155
388
340
253
109
251
519
487
9935
161
315
170
188
629
169
357
369
242
317
359
109
533
197
161
160
158
186
191
190
272
162
205
138
198
119
225
143
153
314
155
141
193
176
159
331
108
141
136
188
158
77
220
189
159
134
151
151
201
189
167
217
150
192
207
174
173
261
301
193
217
132
175
156
166
191
173
172
172
175
153
333
125
175
226
171
188
136
267
154
145
149
194
135
155
133
265
354
139
131
221
153
188
146
134
200
132
149
164
131
173
223
118
171
142
136
132
150
137
194
167
89
85
205
246
73
84
212
181
182
137
136
193
177
265
202
184
226
83
184
178
221
179
164
290
233
152
216
179
130
263
90
99
149
78
134
84
105
206
139
86
187
167
110
186
194
174
160
200
154
200
111
186
374
86
255
178
193
147
197
142
240
80
91
184
187
96
170
199
215
260
228
193
194
184
244
91
248
180
178
137
248
186
199
208
189
182
171
91
154
197
75
209
141
159
184
181
171
198
157
189
168
179
208
202
422
209
185
83
182
107
157
91
167
98
102
173
17014
285
259
219
162
262
184
206
104
208
189
155
172
147
134
131
91
174
134
148
79
209
119
176
86
178
145
173
85
193
243
419
183
200
176
91
136
92
151
184
183
206
188
600
178
321
73
209
130
82
151
75
472
99
164
204
197
168
158
177
126
250
180
185
181
222
169
327
80
160
103
190
171
142
179
91
77
180
182
129
184
176
106
141
180
95
183
174
171
103
209
199
429
167
131
132
173
180
86
180
188
91
204
203
347
83
199
164
181
163
197
85
216
178
185
196
170
171
77
181
376
197
142
196
142
103
154
175
139
213
187
3326
235
186
339
207
343
169
166
244
358
85
186
195
111
186
194
204
176
76
243
84
153
174
245
173
205
193
181
100
159
292
207
78
79
189
83
141
229
119
181
83
154
148
170
100
191
216
79
198
192
92
79
152
172
136
336
201
303
146
170
134
311
139
99
132
192
81
79
230
265
142
143
131
191
141
88
235
178
223
84
218
302
163
172
183
202
78
194
245
248
179
183
214
148
161
249
92
182
265
194
133
127
177
129
344
350
183
210
190
215
139
179
199
114
153
181
153
138
170
154
156
193
185
240
185
83
218
185
156
184
141
127
211
114
206
198
203
182
164
199
183
166
229
182
292
294
190
108
79
166
135
231
197
189
169
200
181
230
204
129
218
166
252
165
185
101
247
171
140
130
135
119
171
152
145
131
95
179
78
121
91
180
96
95
91
157
257
73
196
199
199
82
189
86
103
276
152
195
185
193
179
200
260
214
390
198
369
186
215
238
94
137
102
140
83
131
167
198
181
305
170
212
225
182
197
88
73
223
122
211
233
168
125
198
169
129
129
194
259
79
191
117
219
206
105
77
421
126
177
164
190
172
170
221
175
161
182
185
78
106
135
179
78
176
217
168
81
170
80
119
174
217
1359
128
134
246
127
142
145
166
210
72
224
275
228
162
95
190
189
198
182
191
183
226
182
429
154
121
179
112
108
113
94
94
90
225
77
117
77
82
75
86
137
113
76
83
98
87
75
96
90
101
90
113
143
145
93
110
90
123
78
90
73
80
81
79
126
74
77
89
80
118
93
191
189
170
86
103
1007
86
75
96
91
70
82
130
166
77
92
85
77
83
98
104
87
299
81
89
109
79
90
184
395
187
94
91
90
85
119
113
83
75
90
91
96
104
99
143
98
73
72
96
78
75
70
87
98
97
91
118
95
97
77
89
184
195
121
79
94
76
79
91
134
88
96
92
83
92
128
88
74
89
93
77
87
91
88
76
83
84
83
77
111
99
96
107
96
79
91
92
92
121
87
96
98
91
101
94
91
75
80
76
142
114
131
43
70
105
101
92
134
81
93
78
102
105
103
125
166
181
78
89
80
95
90
86
83
72
91
92
95
82
108
78
107
77
83
96
89
108
1622
121
75
133
90
95
86
80
93
107
87
183
94
91
114
80
82
96
148
341
130
91
91
96
79
136
102
85
101
77
82
92
93
82
91
125
91
76
93
185
129
201
127
100
85
89

